41
18467
6334
26500
19169
15724
11478
29358
26962
24464
5705
28145
23281
16827
9961
491
2995
11942
4827
5436
32391
14604
3902
153
292
12382
17421
18716
19718
19895
5447
21726
14771
11538
1869
19912
25667
26299
17035
9894
28703
23811
31322
30333
17673
4664
15141
7711
28253
6868
25547
27644
32662
32757
20037
12859
8723
9741
27529
778
12316
3035
22190
1842
288
30106
9040
8942
19264
22648
27446
23805
15890
6729
24370
15350
15006
31101
24393
3548
19629
12623
24084
19954
18756
11840
4966
7376
13931
26308
16944
32439
24626
11323
5537
21538
16118
2082
22929
16541
4833
31115
4639
29658
22704
9930
13977
2306
31673
22386
5021
28745
26924
19072
6270
5829
26777
15573
5097
16512
23986
13290
9161
18636
22355
24767
23655
15574
4031
12052
27350
1150
16941
21724
13966
3430
31107
30191
18007
11337
15457
12287
27753
10383
14945
8909
32209
9758
24221
18588
6422
24946
27506
13030
16413
29168
900
32591
18762
1655
17410
6359
27624
20537
21548
6483
27595
4041
3602
24350
10291
30836
9374
11020
4596
24021
27348
23199
19668
24484
8281
4734
53
1999
26418
27938
6900
3788
18127
467
3728
14893
24648
22483
17807
2421
14310
6617
22813
9514
14309
7616
18935
17451
20600
5249
16519
31556
22798
30303
6224
11008
5844
32609
14989
32702
3195
20485
3093
14343
30523
1587
29314
9503
7448
25200
13458
6618
20580
19796
14798
15281
19589
20798
28009
27157
20472
23622
18538
12292
6038
24179
18190
29657
7958
6191
19815
22888
19156
11511
16202
2634
24272
20055
20328
22646
26362
4886
18875
28433
29869
20142
23844
1416
21881
31998
10322
18651
10021
5699
3557
28476
27892
24389
5075
10712
2600
2510
21003
26869
17861
14688
13401
9789
15255
16423
5002
10585
24182
10285
27088
31426
28617
23757
9832
30932
4169
2154
25721
17189
19976
31329
2368
28692
21425
10555
3434
16549
7441
9512
30145
18060
21718
3753
16139
12423
16279
25996
16687
12529
22549
17437
19866
12949
193
23195
3297
20416
28286
16105
24488
16282
12455
25734
18114
11701
31316
20671
5786
12263
4313
24355
31185
20053
912
10808
1832
20945
27756
28321
19558
23646
27982
481
4144
23196
20222
7129
2161
5535
20450
11173
10466
12044
21659
26292
26439
17253
20024
26154
29510
4745
20649
13186
8313
4474
28022
2168
14018
18787
9905
17958
7391
10202
3625
26477
4414
9314
25824
29334
25874
24372
20159
11833
28070
7487
28297
7518
8177
17773
32270
1763
2668
17192
13985
3102
8480
29213
7627
4802
4099
30527
2625
1543
1924
11023
29972
13061
14181
31003
27432
17505
27593
22725
13031
8492
142
17222
31286
13064
7900
19187
8360
22413
30974
14270
29170
235
30833
19711
25760
18896
4667
7285
12550
140
13694
2695
21624
28019
2125
26576
21694
22658
26302
17371
22466
4678
22593
23851
25484
1018
28464
21119
23152
2800
18087
31060
1926
9010
4757
32170
20315
9576
30227
12043
22758
7164
5109
7882
17086
29565
3487
29577
14474
25627
5629
31928
25423
28520
6902
14962
123
24596
3737
13261
10195
32525
1264
8260
6202
8116
5030
20326
29011
30771
6411
21153
21520
29790
14924
30188
21763
4940
20851
18662
13829
30900
17713
18958
17578
8365
13007
11477
1200
26058
6439
2303
12760
19357
2324
6477
5108
21113
14887
19801
22850
14460
22428
12993
27384
19405
6540
31111
28704
12835
32356
6072
29350
18823
14485
20556
23216
1626
9357
8526
13357
29337
23271
23869
29361
12896
13022
29617
10112
12717
18696
11585
24041
24423
24129
24229
4565
6559
8932
22296
29855
12053
16962
3584
29734
6654
16972
21457
14369
22532
2963
2607
2483
911
11635
10067
22848
4675
12938
2223
22142
23754
6511
22741
20175
21459
17825
3221
17870
31934
15205
31783
23850
17398
22279
22701
12193
12734
1637
26534
5556
1993
10176
25705
6962
10548
15881
300
14413
16641
19855
24855
13142
11462
27611
30877
20424
32678
1752
18443
28296
12673
10040
9313
875
20072
12818
610
1017
14932
28112
30695
13169
23831
20040
26488
28685
19090
19497
2589
25990
15145
19353
19314
26740
22044
11258
335
8759
11192
7605
25264
12181
28503
3829
23775
20608
29292
5997
17549
29556
25561
31627
6467
29541
26129
31240
27813
29174
20601
6077
20215
8683
8213
23992
5601
23392
15759
2670
26428
28027
4084
10075
18786
15498
24970
6287
23847
32604
503
21221
22663
5706
2363
22171
27489
18240
12164
25542
7619
20913
7591
6704
31818
9232
750
25205
4975
1539
303
11422
21098
11247
13584
13648
2971
17864
22913
11075
21545
28712
17546
18678
1769
15262
8519
28289
15944
2865
18540
23245
25508
28318
27870
9601
28323
21132
24472
27152
25087
28570
29763
29901
17103
14423
3527
11600
26969
14015
5565
28
21543
25347
2088
2943
12637
22409
26463
5049
4681
1588
11342
608
32060
1758
29954
20888
14146
690
7949
12843
21430
25620
748
27067
4536
20783
18035
32226
15185
7038
9853
25629
11224
15748
19923
3359
32257
24766
4944
14955
23318
32726
25411
21025
20355
31001
9496
18584
9515
17964
23342
8075
17913
16142
31196
21948
25072
20426
14606
26173
24429
32404
6705
20626
29812
19375
30093
16565
16036
14736
29141
30814
5994
8256
6652
23936
30838
20482
1355
21015
1131
18230
17841
14625
2011
32637
4186
19690
1650
5662
21634
10893
10353
21416
13452
14008
7262
22233
5454
16303
16634
26303
14256
148
11124
12317
4213
27109
24028
29200
21080
21318
16858
24050
24155
31361
15264
11903
3676
29643
26909
14902
3561
28489
24948
1282
13653
30674
2220
5402
6923
3831
19369
3878
20259
19008
22619
23971
30003
21945
9781
26504
12392
32685
25313
6698
5589
12722
5938
19037
6410
31461
6234
12508
3959
6493
1515
25269
24937
28869
58
14700
13971
26264
15117
16215
24555
7815
18330
3039
30212
29288
28082
1954
16085
20710
24774
8380
29815
25951
6541
18115
1679
17110
25898
23073
788
23977
18132
29956
28689
26113
10008
12941
15790
1723
21363
25184
24778
7200
5071
1885
21974
1071
11333
22867
26153
14295
32168
20825
9676
15629
28650
2598
3309
4693
4686
30080
10116
12249
26667
1528
26679
7864
29421
8405
8826
6816
7516
27726
28666
29087
27681
19964
1340
5686
6021
11662
14721
6064
29309
20415
17902
29873
17124
23941
32745
31762
28423
27531
4806
12268
9318
5602
31907
24307
23481
1012
21136
26630
24114
26809
23556
12290
21293
29996
29152
1054
25345
14708
248
7491
13712
5131
30114
16439
24722
29704
6995
1052
7479
18238
26423
27918
10866
17659
32498
28486
21196
7462
26633
12158
12022
1146
18392
13037
3925
10647
29458
6602
30807
4098
27830
14600
7278
20799
18352
20448
13882
540
28315
4575
8762
9567
22336
18397
31418
19897
25828
13851
26816
24230
4449
16925
658
229
24520
10940
29560
15147
25162
20675
792
22361
31754
16398
23146
8714
26946
21188
19569
8638
27663
15075
24515
11521
475
15615
20528
13234
12570
905
9464
19557
28962
14161
30524
12549
17469
330
31923
28350
14333
22925
10910
19737
16336
18337
1278
12393
7636
30714
28164
31591
19949
19135
2505
13337
10004
16337
2623
28664
9970
25608
30568
19281
7085
9152
18373
28652
8194
9876
23826
28396
7572
6249
14640
18819
943
32611
1941
20289
8419
3805
7585
16216
31450
1615
2609
11064
9166
16893
16074
13509
30300
19695
9573
15589
13161
31172
17968
27358
26031
26268
19426
28510
10422
30774
8779
30910
23552
4182
25391
15495
5764
874
1364
28255
4460
474
6972
26821
26122
21577
25605
30195
27594
7950
16343
754
2481
11672
23439
13428
5912
9762
5967
24408
4415
1908
17223
11759
26434
5204
29486
4319
958
5945
26806
8166
18700
11367
17692
21787
28532
30556
3447
18283
26222
29331
2376
28583
26948
12723
17982
22018
14776
9220
32182
23856
19490
8925
4324
6486
19677
15969
11643
7534
15677
22668
31068
21991
32196
7783
16828
7727
29426
15871
10697
17612
18703
11027
11408
5545
9508
7185
30238
24237
26443
21313
22501
8850
25128
2111
23650
28149
1454
15869
681
27465
20267
19793
18634
25472
20972
22830
24901
28442
5177
13877
25770
702
14364
1381
16590
8823
2237
8023
32179
16595
20169
2327
12042
31310
28182
11058
7926
9487
1670
32528
5651
2258
7213
9860
25783
21286
2742
8610
4472
7128
18434
5841
20718
3503
14867
24865
10938
1881
9257
22750
28614
18598
28458
2661
26063
32756
20807
20278
19489
19435
6365
32075
7586
1386
7833
13330
26048
8928
29492
12433
23840
6766
1735
19810
11599
11837
21892
31982
7328
29352
11369
31244
21794
6608
9252
11647
17432
9535
7208
3264
3497
23243
27649
22015
26841
189
16100
19812
30648
9523
19851
24474
28633
29891
27200
19854
9990
25697
4919
17780
22578
12931
32544
3340
13487
899
22525
8483
5538
7492
6193
28252
25011
1560
15834
1840
31497
2785
18529
31540
18805
28791
13392
13210
13549
21578
26979
30971
9277
73
20193
1620
21497
13826
31276
19790
6582
13578
11159
20418
26489
159
3449
12924
9072
10380
27008
27967
10208
18503
15370
32607
14196
12074
13722
12611
19019
28761
11056
12890
31163
16683
13716
19932
25452
2741
4954
6813
2862
10396
15460
20615
10904
2599
20136
4680
9198
27032
14387
32584
7240
3517
17006
8670
241
18882
25249
3523
31758
12105
29621
17095
7296
9916
15678
10178
13579
25058
27577
12750
14007
23729
24081
2678
24676
20899
11784
15565
13608
6172
11243
29929
7514
10168
5055
11191
5973
8922
6748
10986
2144
16446
31577
26517
14629
29916
5874
15791
15469
22912
8146
30693
9091
9815
26949
26857
20640
26052
236
8551
31226
28162
16955
23183
8394
30180
16097
3065
27065
2513
9261
12578
21078
16878
14140
4611
31947
2445
170
29975
13489
24750
6149
3333
13865
22214
17282
27007
8896
16367
28522
4882
31810
17641
7231
2187
6479
6321
6538
31351
19447
24208
9646
22276
25759
30189
30422
27666
8486
3455
2028
29614
4860
29253
11777
31348
12503
10861
22431
29082
14197
22106
8752
15821
17296
26281
26021
24455
15947
27124
18318
9135
11376
1774
29859
24998
9253
6922
10635
1643
28888
8153
13232
4747
28680
19926
25678
6450
14801
24961
14199
20855
26363
5716
10573
31561
6473
28274
1550
24353
1181
4287
2699
18110
18643
17465
7172
2529
9981
2112
13476
4381
8247
26890
16671
8805
32372
30032
3989
9320
23165
15431
9658
11293
17206
26578
16948
2206
27171
18166
3396
16697
31020
23694
15529
14788
30109
17984
11969
28978
21617
4015
16626
3684
9168
17906
25928
12097
28118
24390
15199
11785
14486
19199
12420
18271
15813
27415
6085
318
3580
1331
7267
8387
13444
23186
14507
4360
17827
28074
26431
7152
30271
10268
19885
337
31311
17604
12677
406
7768
29022
19413
5000
542
17537
30038
21388
7355
13289
31647
3181
13093
16584
10987
10761
20493
8217
9501
17482
29447
15665
10753
22104
15084
19095
13525
30221
3964
21781
4872
8106
3656
3343
27080
16080
14868
21411
13713
20968
3251
27216
12079
28768
17040
31531
12933
23779
20663
12259
26653
27936
2095
24365
11874
7720
26835
25680
8976
18455
5725
4071
24808
13559
9156
17832
7905
10440
7375
21562
22885
21962
1836
10797
31202
10508
10080
5340
12076
9058
31493
7740
8546
20474
24773
19097
8880
23335
11072
23400
707
22955
20666
4141
23588
12481
17168
19396
16225
1009
22012
18136
11455
25043
742
21
17922
24512
9248
26018
27368
23717
9714
17650
3335
12759
3169
21895
5303
22640
21979
24199
29105
24791
18661
8681
3652
8753
24033
32029
15987
7042
26253
20083
11420
15814
32718
12244
31063
7229
20652
18864
4769
30470
15005
21047
1594
21487
24326
3276
21323
7679
23990
32588
24710
29271
17945
29221
28470
20183
23589
23955
4978
24779
5006
13262
20135
23487
27196
29033
12935
19779
15993
14790
24962
18965
11001
19105
11807
24567
2669
3134
32671
1457
12998
3545
13597
14218
8838
14844
7372
8563
21028
29264
28801
14723
13490
7604
31601
24227
11197
23692
19771
20363
29301
22363
7721
3565
23445
18610
495
16741
15022
31812
29151
23015
8055
3393
8738
15279
19882
1608
12654
3822
32707
24245
1338
144
22290
31339
23154
24604
4623
22225
20078
31981
2330
29733
28223
20594
29130
18846
4987
29445
8616
5750
20489
27338
21963
28135
14697
21630
23224
26737
31920
27372
10293
3855
6734
9561
31056
27606
8184
7075
28382
14119
6741
30432
24684
12779
12279
20667
24125
24118
12737
18028
32119
20577
10737
14091
22795
16060
21901
8793
3432
2136
4580
14875
5907
21184
8719
26790
20476
30041
3351
8329
16290
22974
23072
3591
12189
15787
31490
3239
3053
17063
10681
25903
27005
24176
18479
1695
6139
32468
13998
21083
23639
29515
27621
29993
15826
15722
23838
24828
12581
24399
8978
11891
1023
26943
24834
14243
7349
2702
8707
20502
25141
10687
8346
15891
24637
18413
11400
22816
31690
13162
8935
29126
19410
19877
11382
26260
27189
26705
13874
2663
20722
32195
22566
16360
7811
28245
9467
32425
26867
13189
10542
13063
21547
30502
9099
25023
17226
31203
30048
21051
1570
8636
9458
25967
8456
9405
11531
29962
26819
7975
10556
7531
31495
8044
30591
26803
3388
18915
7450
12319
6272
25791
29383
10133
1775
24642
23569
18300
17954
12078
3585
2257
25333
893
10490
10103
4750
17233
10722
24271
19611
18990
30338
21641
23258
19047
2352
479
25302
32683
10002
15568
4422
16895
6135
18008
12361
16742
22194
23699
23188
20178
4042
31357
1847
7469
16345
4380
31913
14964
25710
20061
25385
20073
27504
9462
32703
28102
11069
5154
3529
31552
32074
19149
3730
2244
10844
13049
14118
24065
19552
28773
18470
29731
6747
7511
5869
14398
10498
7103
27352
25679
28053
13043
14522
31088
1563
25834
9850
17022
21911
9492
28580
15477
27616
29876
19178
5220
14615
22348
26798
31635
16857
2883
1662
18902
28262
19420
19770
19022
9273
25841
12686
3917
31717
1892
13698
11267
11749
65
10389
6932
25619
16081
2003
13028
18631
14589
18630
19172
19864
6407
12295
25428
29681
18490
26610
26177
31071
25236
6459
20643
16840
27633
27037
23893
22630
20274
28782
32203
17461
8290
19662
22307
20997
31151
18423
8890
16717
6640
5566
4883
23661
22659
18245
20386
32651
32765
19601
17209
1497
27283
29250
18058
8421
175
30581
26787
3271
27999
12504
24979
2138
10700
530
2461
12118
205
7540
18828
24459
11622
3760
27098
10481
30614
19567
18493
28596
19161
7746
10538
7670
20538
21476
21555
24917
16371
16760
5752
13758
15433
32255
29065
726
2401
3034
10393
30548
27273
18792
16193
30137
3690
28211
24668
32627
7498
989
15248
3879
11149
30931
669
30875
25598
25449
25436
24599
20123
1443
1731
18154
22861
4434
9385
23967
10816
11393
16704
29866
30953
30308
18684
30792
22667
10048
32469
13930
30811
19814
16090
5427
23743
1604
10599
16474
7195
506
5158
17589
9858
27809
17889
11447
40
3818
9364
17975
26
25089
2503
30066
26412
6840
14676
25395
28641
29986
17651
21109
8187
21085
23390
31250
18686
4755
11381
28128
25502
24277
30862
26424
3872
832
30885
14428
6646
20889
6478
10883
24925
21265
31260
5045
20778
5821
13855
2520
12927
25134
27251
22675
13336
16334
21001
2737
9310
5974
7590
20356
32080
10935
32145
1825
18718
13573
4712
4998
7162
1717
8692
19539
28047
10946
19103
30231
24115
839
25858
20829
2645
3394
17199
19645
14272
675
21862
32072
13773
2480
11238
26897
3542
29608
19203
23277
6125
20134
1401
9078
18382
20736
27478
17939
21138
18721
10663
1677
21575
6724
25981
27700
7961
28862
16002
18448
25095
684
24016
15137
9507
13993
21284
2944
30259
821
7058
24643
17668
10677
119
29857
23041
8891
1623
6915
8072
17929
841
4715
17615
12536
14957
27759
700
5093
24241
11829
12448
5227
11798
16224
10324
12274
18133
15038
12170
6862
32629
5084
11909
14878
27085
29400
23024
14193
23105
9412
15765
5767
15407
13784
704
9834
10891
621
18085
27734
25190
20542
17998
22086
32018
15621
30424
22597
21376
24254
29669
18108
12493
26068
6366
9102
2438
12600
10819
14318
2290
14984
16339
2556
25808
4632
21478
26814
13787
7239
25020
10827
2554
1988
16798
13642
19002
16321
30104
13946
7056
18509
29833
17708
19761
6533
20686
14804
26385
10142
18842
17260
22161
31620
4343
9578
1187
113
4591
5934
656
29761
25012
28411
11959
16251
18738
13370
26124
5507
8007
17584
10951
23101
14489
24958
15441
1790
17013
30412
14855
21060
7093
8472
25402
32676
13543
7373
6266
27651
15275
21528
532
5469
32503
32729
17107
2451
17953
28392
22570
13519
19472
23407
22494
9505
28440
20383
14262
21409
28607
18038
5471
11171
20654
29947
11514
14523
21229
489
17887
29756
26632
7470
25739
8522
7283
8160
17553
24705
27091
1259
25386
31687
4629
42
28317
22045
12356
13388
3154
30466
27760
26919
25631
6738
21267
25776
24314
16320
13053
24007
16469
24216
9722
19842
29007
15463
30947
13793
28630
18717
23043
31376
25314
17117
1334
20620
14171
26792
8964
19154
18866
14693
30664
13000
12212
21100
7551
25476
6379
10943
17877
3789
361
11385
8272
11434
15144
29561
25563
14504
12946
23888
20308
12157
1430
5123
6464
4074
4346
13837
1981
25318
26611
16292
17591
3832
27123
6461
16991
27330
28498
17369
17291
8400
14179
24117
2317
19914
1595
1441
5936
21867
7028
31453
27909
13973
17981
11503
26569
1883
25367
5385
28402
5230
17157
28681
15567
8310
1866
3687
13171
3477
31245
32764
6238
27671
2047
26115
4592
27311
32657
1405
7171
22740
22530
13675
24320
25790
13377
10998
16586
21604
4489
19631
29744
8388
18259
5927
14609
28119
21479
22716
6300
21396
16853
11458
20830
24593
30806
29849
14854
26160
12294
12054
26333
146
4229
10471
10428
10559
22241
22688
16366
12033
26685
2270
25329
32261
22860
2208
8982
22162
32506
6878
11979
1897
7887
14469
30783
17540
7266
18633
24557
26134
32053
18135
12258
2593
17843
21693
16466
22951
18140
11094
12937
5174
2512
6097
9551
21817
23492
21292
20237
27530
613
25296
21710
32389
5628
5809
28786
31744
18840
8182
28569
6120
27393
6292
14214
12527
26807
13194
8705
14713
7011
18913
6693
19664
26203
28995
17762
14381
29909
1048
21768
26624
22511
7954
4235
1127
14633
28240
1862
15127
23817
2340
15100
28400
6558
16430
5831
21295
3537
15623
2927
28029
30211
16211
11754
26880
12253
3293
21321
20785
26528
10443
31000
24671
9270
7452
9375
14631
13640
8934
18040
7986
28834
14248
28765
12796
10312
25052
30731
23987
32557
20170
5450
27182
7301
13293
24099
23332
19044
32331
75
31004
19050
15026
14066
11738
19623
13843
441
3380
7918
3659
1363
12628
6329
1088
28854
8613
18569
666
27837
3402
23115
23292
2872
29448
30323
11153
15948
24395
25197
4508
22908
17411
7665
26781
3202
17610
27256
27705
8965
18023
20769
11715
20253
31805
23684
29478
21840
833
19285
26900
10968
23994
16633
13885
348
18281
18032
16256
29910
10872
23901
12306
17860
32471
29527
7137
8343
9768
28233
3995
29171
7603
28942
18011
7879
31034
14512
23234
10258
21926
5906
5191
14443
6188
32719
26484
5224
19093
30435
13224
28094
3582
8867
8627
22005
11146
32686
16589
20540
18237
18759
28956
32677
2403
28042
15811
5225
21143
21595
21016
26615
28804
21006
28368
31641
30335
698
1325
28313
28023
22312
24618
18457
18396
8339
21086
32094
7846
27043
31522
12911
16280
23455
26358
26847
28870
990
3873
4327
3413
3454
31896
12472
24450
17241
4641
5646
23525
28213
16824
8695
25403
12594
7993
26067
22187
4640
25079
10041
18125
12534
23000
4907
32621
27692
25293
5117
7717
20403
3943
17893
10639
26925
19978
10748
2850
22892
26444
10654
23623
12036
31547
21346
826
16061
3904
10238
17571
26886
16405
5299
22056
11728
1267
3751
2019
19991
5717
25846
17093
3187
1421
6867
28299
32444
29897
1201
3328
24942
7104
1768
29768
26641
16296
11262
10720
21244
9625
21219
18174
10984
10459
13149
17014
5695
5032
1537
8363
4651
1219
24290
25917
21683
31918
26584
27252
3586
31269
26248
12137
2397
424
23168
20027
28148
31993
10382
27669
20877
1014
19104
484
11495
26811
1293
28892
6798
1990
11299
14890
8493
29074
1549
13774
20173
24069
29218
26865
16833
15238
19911
13252
6463
6508
25149
23088
12245
6231
10106
19271
12368
6421
15258
4157
9647
4982
24122
17723
906
18706
10189
11156
30345
12351
7118
31550
2097
11836
10591
13406
4510
25813
14651
25880
27844
24743
7741
11245
14578
4949
21705
24514
19785
9227
8624
17204
28356
23917
6227
555
10102
14286
19468
11698
8979
12489
10758
30775
28410
17132
27089
27296
11950
23112
20122
7672
25836
18277
5553
13976
10670
9085
32652
1751
30397
19751
29001
435
16693
15072
17916
6716
25328
1511
32125
11838
18939
11544
1056
12826
12902
26758
24588
12021
22586
14108
29777
26947
1280
13245
14062
10426
4719
29091
4047
13785
23231
7406
8684
21954
16769
14709
27956
22421
15945
13465
16016
21860
16497
18335
5190
5677
28049
21005
7886
23388
18675
13143
17377
10130
28487
26555
22482
25253
15000
27754
289
32488
25215
12008
940
27799
2997
9707
8454
304
8237
10485
12499
29613
32612
18682
12983
15351
16129
17137
5033
16600
31864
23683
11857
8968
1710
21968
31708
2641
27732
12437
11684
32499
32701
29256
19692
7640
12087
15012
13810
5820
14835
1663
10615
25897
18677
2774
10134
27553
19533
28878
2286
25624
2734
18075
15349
30712
26984
30624
27792
6504
28822
4055
462
24473
20084
24160
31122
26053
19397
11822
19750
21337
13917
4006
4931
22197
27505
29236
10357
6599
28290
1898
985
21447
1084
592
18725
8996
15338
17342
29795
30742
30037
5506
6767
5053
9793
28505
24146
3609
13924
29465
12239
26206
24209
15492
16499
18175
31036
23061
13647
15618
25013
26727
15712
27896
21909
27841
20130
9090
9034
7915
6286
1344
32736
22037
5416
5893
1949
22777
26200
14590
28325
17118
25668
10006
9729
24008
14541
225
15536
11980
716
15384
28747
6204
7523
26364
1411
16040
250
11504
23483
21766
16141
10845
10506
9088
23256
25107
8266
5857
22678
12674
14155
25191
8990
29832
30858
10996
8917
3967
1707
8234
28246
19402
8239
3426
30906
8314
10350
4586
5279
17776
25822
6879
32301
15812
5676
3164
7357
32570
24312
10144
16561
28180
18200
30643
21856
18061
2647
5939
19808
9290
17452
979
32618
21419
22284
24547
29977
15675
18613
18709
13371
28642
6336
21501
26034
18129
21358
1436
28469
22897
28504
4798
4202
1238
15032
20065
12516
14481
15579
9023
1727
1771
31313
6140
24816
28488
15319
5513
32271
23283
4364
27038
3012
3184
21759
23501
9574
28733
5059
27714
6595
24541
15377
565
19891
138
13310
20967
15055
27224
18222
27441
6648
26804
27834
19368
31441
8872
32668
19974
19176
5137
20633
3241
5745
18018
31015
19252
846
8956
25524
6966
15581
8144
32240
15296
11876
25027
1205
2018
4291
16191
22471
6259
23700
20217
2016
1943
14624
17064
31505
1157
31502
7666
9275
32046
17632
29789
6046
2145
6003
13152
31901
8326
29153
19649
30350
10405
24346
1025
28970
14336
4795
5532
28856
15896
3210
5692
14550
15290
13795
13852
17350
8315
10036
9984
8729
2534
6050
16806
1936
25584
10790
29182
19066
23116
6388
9425
13101
5610
19982
28621
5193
16754
4593
14895
20280
5638
25167
17420
4345
16883
23865
24696
10390
22632
20189
17839
13817
22129
6753
10679
10600
8252
19861
2151
28963
7813
14907
29554
31476
617
11211
25429
2264
15966
19531
29942
10698
19522
31155
27587
15257
23158
4464
13762
8510
30946
31065
13165
5946
13540
27297
8042
14464
23194
12584
10270
32715
32200
1206
32106
31302
8833
7611
19067
415
6645
30175
6354
23448
24919
13079
27988
26321
7592
31597
8652
71
14122
26859
7997
10999
1899
4120
1320
32036
16984
4912
1915
23953
19485
20741
10199
11567
4208
6844
30169
4879
21108
17207
5259
25706
23849
24075
28026
20124
27607
17774
2884
20128
24546
3145
20481
11714
20149
24168
13338
20307
26793
23504
1105
1697
18217
15955
2343
26133
32097
679
19555
25633
930
10252
19904
20279
12488
24870
26072
32176
26701
15415
18086
4231
17480
19975
30260
20514
8938
16657
14990
19438
28981
15447
5242
16070
24061
27219
28781
20990
12833
8672
21302
502
26928
30721
24898
31447
10945
28406
2222
8686
5794
23577
12844
18683
13240
485
16464
31723
20337
16653
27168
28130
1466
4858
22512
29656
3318
13201
21276
31506
10684
15023
30270
26312
8250
13475
20311
26850
19195
5488
11520
26101
24798
18848
6784
30245
12187
14462
28343
18258
16859
8871
14016
8172
22832
24441
17683
16088
18516
18298
39
31283
3205
19997
29146
5769
23675
917
9387
15020
6030
17442
21735
20373
3480
12073
10777
786
8381
31785
522
18345
20979
15713
30935
19735
30883
2186
16096
20648
2085
14752
521
9260
21982
6636
7688
19919
17236
19278
4198
31496
26386
21011
10976
7547
12121
23202
7245
6702
28564
31539
2572
2370
21920
31654
19359
11080
7298
23391
23960
30510
29591
25867
22033
1675
12136
30499
17775
14376
31256
20272
20703
5086
23542
23495
3566
18456
14186
8437
19198
12626
18364
1085
31665
18908
20340
1360
2814
21154
18012
19752
3338
8706
12525
30630
29249
23179
3079
28838
32517
14145
5991
1969
21839
24308
23762
19473
23681
21970
23147
27053
22708
16715
4429
31066
27689
14663
11771
5541
16259
23572
2514
10966
25988
18170
28168
22199
655
3850
12936
16278
19406
29427
10313
32371
23327
17073
23461
2173
9934
31102
25587
31417
31463
6153
26126
20595
1495
2406
27370
23859
23305
22496
24833
24223
4852
17879
30519
6126
7793
31585
21465
31371
15444
17271
24087
28099
8596
5715
17552
22492
14753
8257
27590
24959
10886
7809
5865
25686
32019
259
22313
2435
1028
4101
10468
22869
456
6731
7578
26074
11395
30843
31274
13316
15024
30511
18585
5722
8971
10057
14095
8174
5038
2183
26658
17295
25722
16983
29503
2232
24300
15590
21480
17408
15505
22858
9818
10557
15561
24120
5028
23656
25713
3332
23092
17182
26467
11320
7358
21074
3987
9094
4983
21364
27264
19714
26746
10425
26255
13163
31467
5792
14231
2880
4718
16128
19948
4720
9079
32091
3766
5808
12126
14825
31159
17518
3220
10035
31314
25456
24147
29156
30134
3360
751
16208
31478
22294
12589
17524
7976
9694
4090
29372
7419
30301
21702
24844
20523
26539
20609
11827
6637
8186
27416
1827
15169
17623
14899
22514
10415
3644
23669
10378
31676
17858
7952
9846
27137
5915
22988
24616
7288
2382
20333
3915
25656
30062
9616
24524
12129
27442
1984
7049
23396
18026
8582
18775
30665
14552
12755
11417
22844
3554
19443
6824
31999
28422
121
15733
31413
19917
15793
21873
12060
31175
9074
5985
32501
31622
13208
27395
11026
26720
26291
31988
10929
30977
10193
8
12254
922
30876
30816
13803
21090
7912
12289
29979
7299
12322
22902
27602
6369
30654
12729
9734
12438
5226
16463
28134
22972
24348
16453
2307
25518
18333
27437
20695
13179
661
23144
10961
21907
6576
13472
20645
3592
628
24196
6811
15535
15835
1229
3716
23532
24956
16158
29749
24620
23296
19724
13120
24526
16406
8983
3445
30574
21691
26588
30538
20664
18104
20353
2942
17004
30623
14852
15625
17611
27842
8724
31149
13590
10146
23855
27804
31741
16909
19381
29102
10083
692
10532
17312
26099
6161
11047
22405
17569
29959
32628
22139
21228
27580
21778
27440
22148
29444
24745
16125
7210
4698
25616
31180
24815
16226
29472
27479
19593
32482
3005
18536
15333
11105
30732
15638
31165
1064
14518
8399
17508
13896
13438
23978
22638
8245
4059
24169
744
27362
24769
11049
26518
16467
10558
32143
25603
9190
22186
1226
3603
21300
31768
423
31347
5396
4566
25230
21665
26152
32000
3617
29173
30786
10668
31579
26224
17728
23425
23267
19312
734
452
5169
29562
8211
29235
6890
1711
2064
28960
7545
14767
21754
30787
24565
10273
2815
27579
30837
9388
19269
11886
13830
10809
7321
18319
29881
31626
13020
20454
25893
21984
2357
22999
30336
18829
5950
32405
10365
2334
30049
19094
28592
31270
30119
23017
29313
15253
16117
4977
19160
21505
24591
6562
3576
4854
11134
23016
25050
9193
1852
20747
32521
8061
6344
28366
2885
14439
2718
9107
5268
32050
7432
13799
32020
16735
31098
2792
3916
26182
19029
25316
3059
4583
22399
1135
8357
20070
15271
22342
30406
28295
17686
15718
23035
28428
16678
25960
101
20949
2364
27626
4841
18938
11593
17096
31033
4493
27873
29935
19109
30096
20381
21561
5584
25923
28499
16731
11849
25442
8606
6850
28287
26040
22769
9223
12083
3400
11158
15606
16938
19463
20920
18366
15758
19685
20229
19298
29356
5470
23175
1683
9988
2946
32190
8275
2469
25519
14341
26197
8545
1654
7158
14058
23791
13341
24837
28900
12675
19736
17438
9958
30580
15013
5284
5253
20727
30285
2426
19670
14536
3281
23370
6549
1348
9077
26199
16835
3573
28137
8351
28731
27617
5233
30571
27376
25529
17731
11044
20342
30000
7528
30916
12634
4999
17757
29240
581
13623
15941
7131
15749
9299
25575
14363
14726
201
6424
24083
7389
20735
22024
18895
6170
11483
28717
28752
11324
19773
27740
18255
4468
22070
16843
10030
15756
10765
3114
2980
1458
12358
8124
6008
25311
6667
21717
15928
17590
31099
13870
2990
25412
14000
18064
28275
19682
17911
20106
9868
8644
16436
17366
11592
24988
18838
15865
27212
23947
7446
19659
5771
21256
11110
32057
10666
26250
12670
13145
31148
25774
7043
9429
5536
6763
20016
21858
23934
2061
32655
3815
21174
30582
10139
12082
14024
20900
1575
19337
15376
11300
19424
15864
18525
18629
22851
29788
30794
21706
16071
6490
31884
14819
19979
27195
16807
845
15374
21156
14820
9766
27222
22957
553
26271
6955
9389
27625
8029
3128
2039
1527
20394
8490
29648
28054
5517
24192
32530
12618
3148
24056
22990
2282
29743
21301
21493
1927
269
30393
21033
8431
19026
5842
19080
18616
4961
15907
5920
22166
30121
27782
2782
27006
6491
31870
22195
11763
23592
14935
19217
5881
13467
26721
16952
17322
1828
429
21424
17699
14153
22151
31794
5041
8383
8720
30144
30388
14077
18213
5202
8658
23753
22249
5058
16575
8090
24638
6823
31395
24701
17205
11558
3123
24287
1041
14026
2530
6209
935
12531
25674
8100
23071
15009
6430
22794
28622
11736
5015
2452
26754
9782
17933
25188
17855
11960
9923
30542
14659
30487
5943
15347
21389
31668
21788
3198
12280
1813
6860
29846
7271
12344
16448
25636
12353
7549
13888
2823
11825
9251
6190
7639
3362
5775
17624
14078
4985
377
26350
6048
18494
20216
29726
16038
29915
28672
15862
27667
11128
14329
24082
5389
24986
12735
2140
18666
13632
13485
15822
20003
5161
11896
26141
2150
28432
5872
32361
4770
32313
27165
25645
8120
1810
32128
25970
6621
3596
15004
8514
23210
32235
471
16344
11830
6382
27261
26395
27151
83
28710
2295
30014
20284
29905
25812
28021
6341
6575
17525
6611
22167
26982
5783
23387
28793
28050
19679
18268
30884
20335
12460
24105
21511
24992
27824
27550
7016
8060
30759
2923
67
7300
27225
19140
31655
1807
14449
8491
18760
24382
4836
30219
1725
5519
4809
16701
6631
8324
25807
12725
22301
30283
3969
21164
13963
24124
27770
2851
13997
23724
29511
20067
30265
20840
3379
24955
16028
1661
2432
18227
30160
32666
22237
32048
24848
24404
7048
25565
28221
22133
13175
6241
32514
12147
17362
23954
29676
21658
1721
20784
10688
16116
30856
26429
24537
13629
18389
9843
7004
20101
29384
12920
31987
5136
29052
7582
1472
29193
26958
4179
28983
5987
10823
397
11096
16594
8901
17653
14520
30503
20
1932
4953
10824
30057
2732
16966
25690
868
29926
22828
14144
29703
9449
18833
12003
22910
3240
21027
15610
527
15282
26393
17187
7863
23961
2565
28599
19251
27318
12081
3558
28103
6358
7178
17464
17457
6572
7221
16922
25756
10867
21260
9298
25343
5234
24019
25352
8411
16811
21793
17405
6881
3651
17898
21271
15842
5694
21535
16500
10955
20323
650
6688
4010
26017
14948
31210
3495
26419
14648
4189
10171
15851
3695
11223
3637
16649
15800
24407
17177
14812
20641
25304
4496
23162
12537
18551
25851
31565
27445
14526
2178
15745
6928
4205
15149
5312
9401
25199
24727
32692
22353
27795
26542
22567
27149
12376
14255
26742
16748
30103
22815
14047
11073
28965
4749
137
32169
14331
7970
8768
28052
13178
24981
12695
17586
13929
731
4278
17859
5089
31958
20238
7054
27972
24171
18147
8503
19511
32174
28819
26107
12205
22599
29045
24435
5732
30076
403
18367
18899
21054
10167
19212
26114
30129
5793
11977
29854
6831
14889
23326
32647
2489
29674
6612
24387
11957
15503
19491
10482
2829
27027
13361
952
8496
15183
15597
11554
25032
18102
28224
9081
31623
27632
22602
15369
3282
19989
14437
21599
35
3179
19654
24652
23399
30132
28945
5293
21871
2649
22590
29204
32177
5319
30528
20228
29668
8785
23774
19184
6651
18884
10915
15189
11681
19074
13759
5850
4546
29260
6427
9421
3161
27818
9546
21350
21263
16461
21846
23458
9594
27371
13502
8246
20420
25254
7953
15760
25419
28735
16616
20113
13335
29018
9265
9370
26525
12746
17644
19512
29482
5105
25726
23201
773
25306
3080
31593
24214
3223
2700
18849
2322
13285
6762
1268
21374
5152
23848
28638
22762
28237
1792
12200
26343
17519
7481
3370
8991
29145
19984
12714
30079
14386
27119
2650
30185
25516
28608
17888
9499
12425
26896
27769
25331
9814
11502
5970
19537
17598
31077
5398
6851
11888
14463
29053
3505
15741
29655
14081
9695
19618
26872
25094
2538
7121
1445
8243
12365
17135
16937
4599
31499
13192
30554
19124
31
28066
13818
21875
1692
13910
18361
13132
19728
30522
27277
31826
29348
17777
22338
15175
18944
139
19821
6340
3640
7966
29081
8148
17547
9951
12907
19551
3110
6557
27077
13009
21576
10540
26023
22574
15454
369
11906
32485
24999
28048
23930
573
25816
8884
20031
22604
9783
25422
8010
20987
32364
568
579
24023
25709
31657
29285
8477
14023
27272
8828
11435
12517
9009
27743
30867
1265
21590
12891
30369
1538
13776
32212
10991
12693
23409
11620
28197
22662
32759
10842
18440
10089
29494
22642
21486
6146
27964
11486
1271
30943
9466
21474
11788
17349
15827
30954
31504
14246
27285
16114
23673
14943
12312
3232
14883
13239
32589
21987
18795
1912
28639
4248
1479
13207
31230
3954
13940
2043
23412
14377
26623
11472
11983
3885
29686
18720
16257
14702
10606
12276
25924
10652
19035
1699
1890
13367
19606
11221
31520
24258
27684
21531
31782
32705
26162
15689
15923
30870
25342
9282
12180
19969
18715
16051
24736
11755
15174
18477
1154
24729
10882
19769
11237
28301
15676
13604
27073
24161
21197
8595
5485
15062
29229
27560
7718
29073
8079
8709
9662
10224
11574
7682
7475
28815
29343
27532
14568
32684
4361
5472
25286
6089
32151
4604
25594
9076
598
18604
23533
468
31184
2964
29616
11014
14996
16873
7148
16866
25589
4020
23355
28251
5081
31825
9228
31173
13454
10309
31238
13991
13739
24853
12567
17054
29877
22490
31197
19056
10773
30589
26862
27536
29429
12888
10539
17585
21841
4167
5520
11560
14581
30382
11989
26784
13403
21960
21462
8732
20392
26843
14063
16923
14611
24740
22443
22270
3919
28849
26112
20576
11845
2486
28603
16498
2508
12878
6723
22411
4193
23117
1227
4514
25290
20801
30339
16544
20236
20012
16274
5433
29740
24401
21135
30633
437
32134
28577
3671
8722
27263
24540
29368
10282
1848
20366
23290
3227
14458
32071
6305
25434
1770
9555
8507
4299
7730
4075
8803
21439
26194
22488
26673
27048
25358
2280
32487
19764
23713
24013
12452
24978
12704
28649
10377
22837
28537
19459
20432
20955
22105
20526
5937
1366
3914
23155
19290
6446
18182
19635
20093
3936
15846
21238
5456
24403
25599
6925
18074
12324
10344
29863
13749
29276
10597
14334
16647
22426
20043
3244
13592
17269
5175
31139
19481
14471
30268
16713
16030
10806
29059
31684
31103
606
391
2093
13196
20583
17950
17557
7435
12
10869
10165
1903
30973
27791
2516
4515
30118
24243
2497
27711
11091
18563
9125
7007
18370
15121
2658
24336
18275
1221
11576
1799
14241
28611
5712
30209
23635
23263
17830
3336
31032
3339
23705
14670
15940
28391
7728
26320
13124
30997
9354
5494
30562
17554
20700
32302
29714
31629
16794
21026
20463
528
31748
21351
20199
3
18442
19280
10016
15098
1730
8553
29551
23262
444
21649
7055
12572
12889
2858
129
8046
28627
5044
25936
7473
333
8756
11051
16534
23931
22322
27079
8202
11176
21580
13269
5388
3429
15885
22002
27610
16327
14274
5760
99
25042
3055
4928
24572
29284
28798
26201
31587
4088
1997
11652
19175
25750
10678
20893
10630
9531
10489
15165
4521
30127
9964
440
30389
22710
20488
13763
30320
8188
23821
17264
9754
14722
5854
6586
26425
9524
15818
27302
30120
32659
488
30682
18341
2574
6500
25566
5754
1552
850
1516
13226
23486
7737
28901
17901
22749
15967
30102
4265
31843
16710
14508
10184
18121
32490
24972
10518
2073
32353
1281
2662
27996
9451
29115
8804
21564
10504
12837
11453
16333
26921
31544
13257
88
6129
20297
27901
15343
5876
27500
15648
13613
253
9693
6332
27451
1814
31599
216
23212
6834
3849
32252
20912
10141
23209
27450
9180
4562
23365
25111
12817
11011
763
31321
32606
13345
31443
18664
14442
27444
15833
30736
6502
27559
11007
9006
31543
21129
2751
21070
17541
30059
22715
20944
22178
7658
5384
7738
30383
4638
13635
19782
32315
2021
22425
17752
9204
5446
19412
13004
8045
28825
1244
2549
26994
8529
20132
9
22316
2429
7761
9133
12930
10746
25283
30873
30439
21880
8835
24987
20570
7629
5560
29521
32189
30444
18621
10713
22334
16999
13137
25615
14164
32058
23511
6846
20943
32737
29831
28655
12251
24351
16052
24420
14360
29767
15273
8034
32133
9301
378
25387
27879
13500
6615
12709
24072
25061
19952
10970
22823
32537
22050
1610
12978
7161
4821
22298
16933
21072
7468
8703
12864
30845
1849
9050
28646
31142
22444
12155
26459
768
8885
9847
14535
28364
17633
19351
18625
31724
15346
3200
20838
3217
23624
14815
2344
8352
12019
6070
8919
24487
7030
22345
28044
31699
21685
16115
25321
28541
7804
25573
10733
11452
12229
2224
22159
9983
3845
13950
6826
8591
23213
22371
11986
14662
15190
21906
5418
21622
27719
29666
16218
1991
30959
9566
23279
30498
4867
21345
26103
17430
30020
6025
1534
31833
16235
10287
28393
3348
16624
11918
12800
17244
6431
9086
11508
21753
11597
23192
31121
2819
8907
29071
5022
20561
22052
5251
1523
26980
15061
28465
27523
12300
27953
24612
13682
23876
6157
5289
3292
1776
20842
19131
27660
8700
11638
2545
30929
30168
14141
20834
31633
23082
10000
14560
6141
16099
6833
29029
28827
27254
10319
5984
27110
24417
29397
8125
11410
28463
4690
4969
5344
14643
10155
12464
14537
5558
16911
29414
19947
9129
26587
14080
85
8764
7234
17076
13384
24847
20547
5555
10832
27427
25896
5859
15653
7701
28841
4404
15729
19215
30565
3650
25532
3083
29719
18296
24439
12238
5241
20803
6006
22620
32670
7849
19205
4524
25078
11787
12629
7898
19973
21002
24485
15063
22211
20066
18827
9583
3930
26565
8831
28235
11812
3256
15802
1448
6513
18497
27064
3215
12293
18418
16338
22424
70
11183
6345
9328
26059
7483
19221
31349
10923
15905
15847
2786
14409
10234
12500
1970
21157
5668
3856
4485
31022
4733
32735
11383
9827
24499
3061
22090
12100
26573
10906
6885
17245
13209
19981
20939
9699
30101
9407
31219
3084
11427
29355
25560
15452
24800
603
31688
6875
11569
16990
27843
29557
7857
11319
11875
24149
3946
10798
19467
26346
20509
30479
7981
23207
7719
32138
20770
32014
32510
12355
24232
5765
18618
31720
16237
28264
709
30703
12541
4301
17427
2910
19696
14824
19683
10640
19570
23535
20903
19445
27609
15414
26032
22917
11630
12432
24090
18461
132
6635
21517
26645
9321
1818
21805
4333
4721
15246
4970
15788
26394
31008
17227
5675
20050
14642
19254
30318
1390
18724
31365
14754
3171
14022
17267
22509
2410
11872
16552
15874
16977
13697
9941
12341
24968
25065
27321
18655
16727
26914
8283
2137
26549
1162
12882
14035
25135
8930
17520
29688
26634
25233
5603
17125
6122
12782
20760
17065
31930
5423
23322
4486
28908
14638
8631
1565
6426
4362
563
8378
14419
31851
8741
25315
13076
21168
30098
19587
20531
20552
26830
20781
3742
9118
2900
29700
24234
25606
10680
9790
17399
8168
19634
25455
7544
2444
30708
20800
25219
30518
16349
28947
7580
29299
21448
26119
29132
23340
9770
19297
21433
15140
2622
14545
5540
18250
21082
29247
17730
8396
28304
16331
28051
13139
6676
10143
17973
27116
27366
20433
10843
30672
21298
11471
8937
11261
12809
23586
17327
28441
9053
3323
5491
24597
7099
21823
27578
23993
15090
21653
21234
24247
32113
27422
10745
25974
23488
3022
23377
20805
2794
7646
13441
31089
21797
12066
6460
20391
30573
25465
26605
16396
27518
27944
17015
22893
19323
3569
1124
4218
25369
30472
27161
28015
27825
22729
1494
24037
24195
3830
5300
1701
10794
18561
13303
14992
13959
4948
19206
14613
28969
15639
19455
6561
2651
4410
16576
22539
27502
32224
3196
6849
13912
5714
5371
16808
18981
13156
23298
30149
30497
19466
27443
19448
26392
13531
10204
27294
1951
32581
31598
21845
245
31584
6100
14399
21567
32297
26009
8941
26231
4898
10974
759
31262
16145
13659
9324
767
3968
15927
2094
10849
31796
29542
17923
27396
5417
15411
17368
12048
15781
23833
10574
24688
21884
7668
2425
31844
30921
14960
31911
23922
19951
26700
10342
630
3425
10430
19451
17720
10198
28527
31480
24405
21382
21614
16612
3192
4009
14938
25005
26866
16666
32171
6964
27541
1935
12733
23251
10724
23076
15292
8159
30951
15596
9527
10807
12027
1920
10805
11127
29710
16583
9803
29483
21341
5635
22278
16434
4711
22229
8853
21930
5408
14730
21632
19141
15416
3063
18815
26509
17974
1741
21885
1408
30960
19748
23085
5778
8171
32505
27401
24796
4172
20731
8987
11670
3525
21727
13746
19688
5352
9197
20989
17895
398
4951
12018
19373
31719
23873
3068
25610
11859
27596
22839
17583
13518
9159
21518
6167
28166
29938
26226
7193
17882
27876
14557
3780
18554
3078
16868
24521
25673
31258
13419
14345
22216
25956
23239
23725
20421
8716
21762
28208
4738
25530
4605
3799
29569
32407
13253
27656
25785
30583
28348
18593
13362
5606
3666
6219
21671
26664
32599
24014
2914
3212
7507
22622
8327
20320
26999
19898
11271
18386
2192
8552
16217
32524
14988
693
15089
22414
12296
20268
1737
27745
11568
30825
29647
7237
29907
3670
4549
12546
19039
30012
26020
11431
32476
691
30525
2845
4416
7774
17056
6872
31736
1008
6896
30309
15132
32358
31788
30744
4
18519
4868
30174
7901
8361
4255
23966
26927
362
14780
28818
29728
23289
21713
4941
2796
12840
12135
15632
19582
1382
13250
12644
8852
32268
21894
10419
16782
27512
17436
16825
21052
24
5845
13296
23773
29758
4305
16677
21111
5281
11650
11570
21980
4253
32327
26359
5797
6118
17718
3777
16065
32152
30713
4371
26176
26874
30242
30241
30509
31248
2242
17148
32592
28536
15620
4617
9624
11781
12706
32350
12547
4458
1905
29981
26468
8414
15601
18294
1967
27045
10039
16163
9774
18444
30999
8080
26824
20449
14086
15674
1257
14185
31215
12275
2211
15037
8962
16591
30028
32661
13612
29696
16876
32100
19958
15171
24191
23248
32122
12698
22550
5758
5728
23742
7438
11860
11473
24477
11493
695
15404
17213
10032
5525
32295
5848
168
28084
28091
14838
19232
30337
23566
17262
18534
14694
6102
17011
10642
2269
3834
3547
9730
1503
31041
10411
14737
8117
16317
11999
12151
7538
6782
23454
1887
12012
3912
23837
22174
7091
30808
23718
1851
28277
25852
28230
8001
4728
3029
9921
15863
27327
9488
16714
30475
15082
27831
3839
12619
19647
19362
12406
24560
30905
12561
22720
24380
17441
6550
1339
21738
1005
2989
1482
25104
653
23380
3611
12606
23058
19787
32051
6327
11430
17622
10747
13407
24296
23714
7205
24949
15406
18810
12515
21935
31588
7785
18334
26913
29023
1476
9963
14177
15726
2922
11707
23529
9266
23627
19900
3248
17530
7757
21413
19096
17016
8092
26905
7251
31807
13730
27703
5547
4452
22255
14684
8535
594
7790
18036
10047
8505
10607
3278
4958
16281
17746
30299
14422
24592
6413
12808
24052
28041
27576
16924
10657
6708
23946
29958
2263
1627
17831
6441
32679
10637
26637
10909
31750
4654
28540
8827
19046
2139
25838
8081
898
19792
15221
18697
813
6206
351
4816
20194
16238
23988
421
15980
26966
11099
4756
2466
23668
9359
6395
27184
27928
15094
24332
21866
26458
15266
9463
17431
1286
13360
23166
28449
29122
25260
13883
22173
14966
15706
28946
2474
10708
23670
10820
22266
25069
21378
13927
23038
28884
13359
27767
11978
4030
20191
1444
2809
6040
32523
647
10150
15225
29382
22969
9740
16001
305
9526
31863
16979
22966
24478
5345
18886
24906
14720
5643
4442
25361
6817
10795
3709
8799
3795
28742
21252
21367
24140
18103
10855
16755
11052
16856
8445
32262
30650
10789
4705
19127
4447
14427
13503
1276
14265
6675
5246
19781
17803
25815
24263
22760
9316
13777
32533
21828
4784
22703
4444
30476
18374
32108
7535
4402
13935
4441
31786
3320
21414
21857
12912
32304
25496
17691
26706
28826
26216
27583
12133
4511
2305
29665
23206
19098
32418
17619
16791
10467
29934
26495
6975
29075
7694
5465
14762
17460
25682
30586
9122
3935
23948
31559
5119
5138
5466
11373
30750
9341
32093
28548
10406
14268
212
6065
6619
10127
18571
13114
18042
7750
32749
1728
31261
9977
28736
14025
1606
20465
13953
11626
31153
165
16545
31127
15780
32380
30183
11347
20723
29063
25544
14426
6440
21291
9029
29698
21598
14978
13727
12825
20460
26269
5180
12223
17347
6402
22165
15423
14055
28187
8807
18809
21330
6091
18111
9344
3075
17689
23205
26756
24724
11217
9856
21650
12088
24966
21067
15778
1173
3843
9048
5932
1576
29598
24335
19616
31857
10980
12166
21661
25491
13933
3929
24085
15250
891
23288
26288
24057
12559
6910
21290
21241
10264
30666
30074
26692
30148
24412
24892
20158
20042
2839
10163
6396
16250
29678
29108
13437
25303
18001
17041
9845
23630
5094
10400
8993
2054
5542
32569
8581
2643
21827
18201
4502
19023
12038
23834
4732
11456
11210
12593
4477
23792
6990
29408
2775
12069
31391
1835
4306
32173
21069
7573
11444
4195
23336
30395
25102
4316
16764
9948
25008
13772
7008
13790
29157
5047
831
29086
31696
7467
21814
15467
15605
5511
22383
24653
1439
4826
31942
11929
7440
13886
9047
22153
21605
4709
22971
26471
7242
2332
28842
32420
23225
30881
31718
16588
5351
17252
15857
20975
27430
11351
26102
26747
72
17290
13717
23760
10756
4092
7693
31199
17032
28873
7933
20444
18025
4000
22332
23022
9145
30053
17709
20895
9319
31634
7136
16244
28982
12490
3375
6546
25048
14565
18962
31168
3719
9982
8113
3287
32340
766
7633
30290
18321
636
17995
8056
6133
29566
57
25421
20461
26660
18916
3163
28738
23378
17334
9588
29499
470
14115
366
1465
15232
19874
19078
4337
16800
12848
27993
5958
16757
23671
19058
24682
26617
32706
25820
20204
19602
29197
32136
8643
29116
22978
32624
25115
12473
24719
24608
7782
4321
14616
10223
12712
11186
27170
4766
29042
268
10876
4662
19946
16981
11753
4704
10838
8597
4322
19595
8911
21115
387
31221
237
5578
1864
20566
1694
27931
9365
7184
2065
25106
12000
4389
8957
227
13686
7943
5035
3112
8231
17049
20401
21435
3546
27959
17576
21708
90
1164
597
19725
14107
5883
26415
2377
1094
25380
15355
25168
26934
383
8611
30316
18403
4200
13041
5660
1273
7189
22032
7223
7787
18178
30739
31503
11137
2463
22177
29801
10203
21913
15314
14099
22998
8103
16598
20117
24868
17374
30448
14106
8848
25926
30567
8235
15471
27205
2030
18920
16845
20759
20598
31042
22808
32277
2066
13505
27290
15311
29440
20017
30402
15543
20848
30226
20057
18863
25646
14668
3526
23386
12610
6339
10813
8358
28220
30437
8875
6372
4876
29390
31429
30555
26010
19077
14784
19275
3435
25976
14840
16048
190
32633
27323
25445
29003
27994
8086
3734
1452
5275
2541
1925
27201
4855
15304
22378
1391
13260
2725
22826
28125
29707
25847
15719
18614
9428
30313
8026
17727
21709
20565
23965
14473
18976
21750
8653
11953
15229
4509
5343
18600
18771
13611
8778
16188
1568
15002
17960
6968
12360
418
22385
4001
11619
22946
26613
16696
12389
6894
30804
31119
18627
30088
19295
23643
12747
7965
30284
15953
21792
12110
12197
497
4112
27730
11231
23034
28501
6438
20656
13265
27236
19924
30386
18972
20802
13652
25471
13580
10925
20380
16708
13599
28728
31831
27293
14658
5140
26887
77
29559
12959
10530
2676
26140
10638
4391
25860
10276
12328
26437
15385
4139
26728
28196
11304
14368
26396
12975
4813
1183
10391
3559
11773
28601
32207
22495
552
18835
19652
23171
18595
29720
7273
29467
31375
21163
11612
10474
13649
27930
24628
583
13833
3127
2045
25000
21985
31990
9772
3771
12793
11696
14373
22061
24908
30716
16739
827
13497
30578
19289
3772
5693
12999
7478
7366
29610
30642
29995
13567
3577
13854
28454
3992
29994
25045
2548
27883
11881
31975
4670
28847
22318
